$ANSIBLE_VAULT;1.1;AES256
62646530353365636466636533336263393837383837383539356234636430333232386230343436
3363376663323266343366333831313737313261343866620a663237633936303133383137636330
65666666393564626132386535363030616666313432356561353336623936346162333230636336
3930333232623462390a666337373666383061366565323931323537336466303133653635323164
31336631623435363161353763303035303163636363656531643833656165303331643134363330
38616464646535383566356634393064303962666632613633393563346335346336383230303966
36376638343231666636353465636439366639326433383465643763373134303264643539633334
33303834386538616531366664636234323934363836653736616338316231323438356435313464
63336533333939626366313765656464343237653838373135306665623431383236313135396261
30393533386666333266666439366463613838343330613962626535633832366432633939313364
61613230336635613539303835653435383438653966306161623135313331356139653565623565
39656438643163363461313663666237353333653761636530623439373866336566316163396562
34633766303634363938613264623763613230303764393138656636363837323738666331356662
62633565633064646535383835333366333336643435323966633838353637323633363938613463
30633935356639616330333232393364363538336339346136313539663634663064313338633632
37363963346532353039303666613962616430343830386462336266316338333765663162313536
66656333396539353033386264663737646530386563643764396330633465326233333466653964
66623432663063613538653932313137623865666434383166633564656566366539666532326365
62646532656339333531623766326464373532373130303734663562303031653966363364396334
32643631346439363637333831343262333365613633653639353166363039386261383537396636
38383063313166333836303235663431316431396234363663376431616135313732643730396231
62346633336264653731303265626263633432643466373330383461353234353961616132636431
34346661386437386237646462333466363832396261366233396332306166393736643661663833
63643733363330376236653262353262356437666631633339373236666230303435326337646332
32393866373964663265363238333833363735636661313530363239353064353632623061386266
63326339626161346164313364316236616364666232656637616164333936356237393366346333
30386538636661616363663263373735316434396535626162313338353533323832303963363336
30626461643939313138323530386564353565326331386237623765323435613662663536613437
39326335343933643433656239353837363062343932373432343337366432303365353737656362
39613932303763626438326230663663636437653565306439333538386663383939343861386430
30643630613631666662306165646565653836636263353530343637643765323933336536636539
36653833656134643261313965643132623336333037356664316562376235613237323739333636
31393633353539623461663537643536346538343961623264663362326366656233666634343739
36613231626661626639666137363939623663636466333461363166663130376339343031303732
37346135353235366563366161643139383966306663373465343236323534313465643764383337
36303239363638356232626361323833363936373432393163366264396335316666666635646335
31623832373164383435366438393765323938383862366335316430346531363063366434613164
31343963613135326439366433346438346430346462623836353733646138633835376132613230
65356361386566616164316332313335646435376632376538323036613039313131306362363633
36353030373535373230336631343432666639393837633765373333363331666536346334633032
31633938333462623564396566313131343338313533653261306630323130646163653537316238
36313439646237383034336234646163666261396130356461356130306530373464383662653139
66383331323739383163653465666463393232643365363338383063386630383664366262616132
64326164623734626635616232373639356634633835643435313164663966343363663130633661
32656330613336323031313631343938663237643666623330363361646234623738333231323834
38353062353466303363353664626138626431626535303338633061646362663038313863666238
633538346539353466316137383734396635
